﻿Rank,Country,2023 Prod. (Mt),"% of Global Output (˜8,900 Mt)",Cumulative %
1,China,"4,362",49.00%,49.00%
2,India,969,10.90%,59.90%
3,Indonesia,781,8.80%,68.70%
4,United States,524,5.90%,74.60%
5,Russia,480,5.40%,80.00%
6,Australia,443,5.00%,85.00%
7,South Africa,238,2.70%,87.70%
8,Kazakhstan,118,1.30%,89.00%
9,Germany,102,1.10%,90.10%
10,Poland,89,1.00%,91.10%
…,Other (~40+),"~1,139",12.80%,100%
